0 0.038391 0.465704 0.076573 0.045796
0 0.026943 0.514056 0.033635 0.025444
0 0.151107 0.551583 0.032922 0.029259
0 0.216229 0.472069 0.031490 0.027991
0 0.370453 0.507690 0.033635 0.030528
0 0.404089 0.453620 0.033635 0.021630
0 0.431284 0.558583 0.035068 0.030537
0 0.494974 0.515324 0.033635 0.030537
0 0.635599 0.472069 0.042937 0.027991
0 0.671023 0.512778 0.029339 0.025444
0 0.807357 0.556032 0.034349 0.027991
0 0.865680 0.510870 0.046516 0.029259
0 0.850294 0.426903 0.031484 0.026713
0 0.985260 0.466343 0.029479 0.029259
