0 0.029802 0.508329 0.045083 0.036898
0 0.157188 0.548403 0.047948 0.035620
0 0.274555 0.552852 0.040797 0.034352
0 0.352560 0.463801 0.045089 0.031806
0 0.394784 0.510870 0.046516 0.036889
0 0.508573 0.442167 0.043656 0.029259
0 0.526104 0.506417 0.042937 0.033074
0 0.606974 0.461250 0.041510 0.029259
0 0.657427 0.511509 0.040792 0.030537
0 0.623435 0.555398 0.044370 0.034352
0 0.775867 0.551583 0.054391 0.039444
0 0.891802 0.511505 0.045802 0.035620
0 0.984547 0.469523 0.030906 0.035620
0 0.994208 0.556671 0.011583 0.039435
