0 0.043042 0.443440 0.041510 0.029269
0 0.020500 0.514690 0.039365 0.031806
0 0.050555 0.547769 0.039359 0.029259
0 0.099937 0.464435 0.047948 0.025444
0 0.181164 0.464431 0.058682 0.035620
0 0.257737 0.453616 0.050099 0.031806
0 0.265609 0.510870 0.048667 0.031815
0 0.372240 0.459977 0.048667 0.031806
0 0.396573 0.508963 0.047229 0.030537
0 0.382617 0.557310 0.043651 0.033083
0 0.627727 0.557310 0.051526 0.035620
0 0.884289 0.468250 0.046516 0.030537
0 0.946549 0.514051 0.050807 0.033083
0 0.905758 0.556676 0.059401 0.034352
