0 0.019016 0.465069 0.038031 0.034343
0 0.092422 0.429444 0.045802 0.034352
0 0.156115 0.460616 0.041510 0.033083
0 0.140729 0.503870 0.052240 0.030537
0 0.226964 0.430083 0.047229 0.030537
0 0.278133 0.465704 0.047953 0.030537
0 0.318208 0.552852 0.052240 0.034352
0 0.364010 0.459343 0.052240 0.038167
0 0.438437 0.511509 0.047948 0.030537
0 0.482807 0.456162 0.043656 0.026713
0 0.620573 0.552856 0.045802 0.029269
0 0.682474 0.463162 0.050813 0.035620
0 0.701440 0.510870 0.040078 0.029259
0 0.786958 0.494968 0.043656 0.025454
0 0.970880 0.559856 0.045083 0.027991
