0 0.057714 0.456162 0.062260 0.036898
0 0.117828 0.424356 0.046521 0.036898
0 0.055568 0.504509 0.057969 0.034352
0 0.115680 0.550315 0.052245 0.034352
0 0.247362 0.468250 0.039359 0.038167
0 0.318565 0.428171 0.037214 0.026713
0 0.327870 0.502597 0.040073 0.027991
0 0.381904 0.555403 0.042224 0.024176
0 0.416969 0.463796 0.037927 0.026722
0 0.457760 0.514690 0.045083 0.031806
0 0.508570 0.427537 0.046516 0.035630
0 0.585503 0.472065 0.040078 0.025444
0 0.686055 0.461889 0.049380 0.025444
0 0.671023 0.505144 0.045089 0.033083
0 0.903609 0.512139 0.045083 0.034352
0 0.892159 0.459981 0.049380 0.034352
0 0.898599 0.556037 0.050812 0.035630
