1 0.052294 0.455528 0.104589 0.043259
0 0.126057 0.550310 0.040073 0.024176
0 0.239490 0.505148 0.047948 0.030537
0 0.261315 0.552856 0.041505 0.026713
0 0.244497 0.426903 0.045089 0.026713
0 0.342182 0.462528 0.060115 0.029259
0 0.364367 0.423722 0.034349 0.025444
0 0.359003 0.505148 0.049380 0.030537
0 0.447026 0.550310 0.043656 0.029269
0 0.489966 0.512778 0.045089 0.030537
0 0.572979 0.467611 0.043656 0.029259
0 0.666372 0.430083 0.050099 0.035630
0 0.633810 0.553491 0.053672 0.033074
0 0.729708 0.518505 0.040792 0.026713
0 0.753323 0.454255 0.045083 0.033083
0 0.898245 0.426269 0.045802 0.025444
0 0.911482 0.513417 0.042224 0.026722
0 0.954062 0.556037 0.042938 0.030537
0 0.993133 0.473972 0.013734 0.034352
