0 0.120690 0.440898 0.040797 0.029259
0 0.040180 0.503236 0.044370 0.036898
0 0.179375 0.501329 0.040792 0.027991
0 0.151104 0.547769 0.050094 0.034352
0 0.210146 0.456162 0.043656 0.039435
0 0.298172 0.507690 0.037927 0.038176
0 0.330018 0.546495 0.050099 0.029269
0 0.442375 0.465708 0.041510 0.027991
0 0.484956 0.510236 0.042224 0.033083
0 0.565826 0.556671 0.049380 0.029269
0 0.608763 0.508963 0.052245 0.038167
0 0.662435 0.507690 0.039359 0.035620
0 0.708956 0.454889 0.042224 0.034352
0 0.745810 0.553491 0.051526 0.033074
0 0.921143 0.465069 0.045797 0.031806
0 0.950128 0.512144 0.046516 0.036898
0 0.974102 0.552856 0.042943 0.029269
