0 0.058786 0.463796 0.041510 0.029259
0 0.140729 0.430718 0.047948 0.031806
0 0.094927 0.505782 0.042219 0.026713
0 0.196549 0.548403 0.046516 0.025454
1 0.311052 0.459981 0.140979 0.039444
0 0.342542 0.552856 0.042219 0.026713
0 0.616635 0.555398 0.040792 0.029259
0 0.595164 0.422449 0.042224 0.033083
0 0.672099 0.465069 0.060115 0.034343
0 0.730065 0.508963 0.058682 0.030537
0 0.793042 0.556037 0.038646 0.033074
0 0.780875 0.469523 0.045802 0.033083
0 0.794831 0.426264 0.042224 0.035620
0 0.947979 0.466977 0.050813 0.030528
0 0.957997 0.512778 0.049380 0.030537
0 0.981682 0.557310 0.036635 0.027991
