0 0.021573 0.511505 0.034354 0.027991
0 0.044115 0.471431 0.040792 0.026713
0 0.100651 0.561125 0.040792 0.025454
0 0.169711 0.510870 0.032922 0.034352
0 0.153253 0.464431 0.031484 0.022898
0 0.202273 0.435171 0.032203 0.025454
0 0.262747 0.465069 0.037214 0.026713
0 0.281354 0.553491 0.032917 0.025444
0 0.314273 0.514685 0.040078 0.021630
0 0.342182 0.440264 0.038646 0.027991
0 0.391562 0.556032 0.042937 0.027991
0 0.449174 0.512782 0.042224 0.022898
0 0.588365 0.511509 0.038646 0.030537
0 0.639180 0.553495 0.037214 0.027991
0 0.676391 0.505778 0.048667 0.034352
0 0.795190 0.552856 0.054391 0.029269
0 0.856745 0.504486 0.045781 0.031769
